Level 1:
Tutorial 
161,180,248
121,210,70
------ 
Kreuz
212,0,16
------ 
Lachendes Gesicht
0,0,0
123,1,26
------ 

Level 2:
Baum
78,180,54
10,127,35
96,61,26
------ 
Kleiner Vogel
22,118,245
255,176,58
0,0,0
------ 

Level 3:
Sonnenuntergang
255,54,29
249,188,145
0,0,0
------ 
Haus
123,1,26
255,193,148
101,52,44
------ 

Level 4
- Ente
0,0,0
10,127,35
255,176,58
96,61,26
159,159,159
------ 

Melone
172,19,60
10,127,35
0,0,0
------ 

Level 5
Smiley
0,0,0
255,233,76
------ 
Wiese mit Wolken
232,247,254
116,180,248
121,210,70
------ 
Regenwolken
22,118,245
116,180,248
------ 
Herz
70,11,24
172,19,60
255,202,217

